5.658192645390370146e+00
5.656903520776969785e+00
5.659506002983568429e+00
5.654475929890955044e+00
5.650821628766888871e+00
5.644076495032040341e+00
5.643646619577234347e+00
5.638690877668411261e+00
5.633941552740032499e+00
5.631174549970038967e+00
5.626813423690386173e+00
5.623008296733008393e+00
5.618518695058348555e+00
5.614686088498773486e+00
5.609517026888437563e+00
5.604753632014668696e+00
5.603197178482187013e+00
5.594669265256530188e+00
5.591367829505442089e+00
5.585301038372982418e+00
5.582083151646473951e+00
5.576347042509377516e+00
5.570272843877026148e+00
5.564574303117128196e+00
5.557347677303518196e+00
5.552140123959995677e+00
5.545808541679287273e+00
5.539153188920920456e+00
5.533269652743529221e+00
5.526354182394291215e+00
5.521407343106547572e+00
5.514445928869148972e+00
5.507233753967852863e+00
5.499426692298161612e+00
5.491978912226878506e+00
5.484937605937266092e+00
5.477663779626353424e+00
5.470276556751199060e+00
5.462485956017767208e+00
5.454534811498779945e+00
5.446620068198496867e+00
5.439135768915918767e+00
5.431019458481107343e+00
5.423076414491152519e+00
5.415940842311828263e+00
5.407959338038581976e+00
5.400067338241600012e+00
5.392995743661911590e+00
5.385563771429628055e+00
5.378919664151772473e+00
5.371700824253745843e+00
5.363882793498576440e+00
5.356852480915496706e+00
5.349818269657333758e+00
5.343370682285998541e+00
5.336850969233487341e+00
5.330585611239730959e+00
5.325159465070012921e+00
5.319616079215309767e+00
5.314722115077752385e+00
5.309871218443381835e+00
5.307283395953645844e+00
5.302448614622493395e+00
5.298771377208209898e+00
5.295003666482443805e+00
5.289541619785326887e+00
5.288010324870366929e+00
5.286340635836256574e+00
5.280644668244528717e+00
5.280502637407530564e+00
5.277344230847961448e+00
5.275629480670602334e+00
5.275861181506433795e+00
5.274090315179297939e+00
5.270225307411878113e+00
5.268626510952121755e+00
5.266795649600430451e+00
5.267468568346567181e+00
5.264041149710571688e+00
5.263409208750255530e+00
5.260352543283890903e+00
5.260799309037738070e+00
5.258952683868100664e+00
5.259401153520903094e+00
5.257731826502510586e+00
5.257969023163577837e+00
5.256562556774992068e+00
5.256341815641998316e+00
5.256234914723746598e+00
5.256739910655734427e+00
5.256125000015706483e+00
5.256323831033812510e+00
5.256546114814979020e+00
5.256661089456270197e+00
5.257137104065046529e+00
5.257280828238158676e+00
5.257608579036075369e+00
5.258183388193254260e+00
5.258669251196299577e+00
5.259047210984665099e+00
5.259694488799584455e+00
5.260332736784437024e+00
5.260984161200457976e+00
5.262040037404493553e+00
5.262747891253342303e+00
5.263531000990882447e+00
5.265295279440977083e+00
5.265951949186456815e+00
5.267085445483506767e+00
5.267482648808504919e+00
5.268662598433900612e+00
5.269770031310340386e+00
5.270828839468193472e+00
5.272113063454942683e+00
5.273385331933975628e+00
5.274804176864360095e+00
5.276217560002434581e+00
5.277603202183704489e+00
5.280228480892344756e+00
5.285320572068201272e+00
5.283170892999442536e+00
5.285701137062638111e+00
5.286028134567582804e+00
5.289169376151968471e+00
5.288867538212119079e+00
5.292245635288127303e+00
5.290661183914914467e+00
5.295014387836627812e+00
5.296251879953014274e+00
5.297309638297309498e+00
5.299690984735720534e+00
5.301289779967627069e+00
5.302513559430532375e+00
5.303563827353112714e+00
5.305852771676134338e+00
5.307188002677911243e+00
5.308607941349698933e+00
5.311160513437273245e+00
5.311293506789412255e+00
5.312784742901643043e+00
5.314598917686105040e+00
5.315094631009158022e+00
5.316969826022619472e+00
5.318428023462929310e+00
5.319262446130682775e+00
5.320542738116961878e+00
5.321262251129637022e+00
5.323264875065039092e+00
5.323723147817953638e+00
5.325212387863901498e+00
5.327160345432316646e+00
5.328043396059586989e+00
5.328891404011146804e+00
5.330658541286974028e+00
5.331003011682915016e+00
5.332236062692895295e+00
5.333909774503394985e+00
5.335263997863560981e+00
5.335873515465135775e+00
5.337077376104064186e+00
5.339239973068281131e+00
5.340745260128835881e+00
5.341111970984282031e+00
5.342375941253894922e+00
5.343933046483766880e+00
5.345697448845956323e+00
5.346297604979804774e+00
5.347256461740899525e+00
5.348767354675784347e+00
5.352195256999975115e+00
5.351798721402404979e+00
5.352475241701150743e+00
5.353789349409354692e+00
5.354461034476787340e+00
5.355839187507948296e+00
5.357421690452777163e+00
5.357896912224312302e+00
5.358833264244374561e+00
5.362544570070778782e+00
5.361662135471912727e+00
5.363246239772680113e+00
5.364448663027198805e+00
5.364448700258900082e+00
5.365894266303421034e+00
5.367086205120635611e+00
5.368394575936042301e+00
5.370259664823747059e+00
5.370450030754905235e+00
5.372991581987312415e+00
5.372617861081545598e+00
5.373480957368267141e+00
5.374459508019517884e+00
5.375582622369806884e+00
5.377161823267348595e+00
5.377755936638184409e+00
5.378928187989233223e+00
5.380245225082911809e+00
5.380956074936023903e+00
5.382503545532580702e+00
5.384101674612391086e+00
5.386086673250135348e+00
5.386169555907701856e+00
5.386942277147075409e+00
5.389353242054335524e+00
5.388525875391129816e+00
5.389491224235152700e+00
5.390897173084060690e+00
5.391374229553606234e+00
5.392690052388383393e+00
5.395282336021834269e+00
5.394763830417550921e+00
5.396304467984732511e+00
5.398476499470532985e+00
5.398151453413778000e+00
5.399063438159595663e+00
5.399387255606663771e+00
5.401386356014635126e+00
5.400564860681870805e+00
5.404024392271038479e+00
5.402425790941846273e+00
5.404238181301510124e+00
5.405385844676224849e+00
5.405993013257656798e+00
5.406367190322903582e+00
5.407882272462077644e+00
5.409054040385486317e+00
5.409615774402341870e+00
5.410718150813750960e+00
5.412490292551972004e+00
5.414001189775266454e+00
5.413408094651846802e+00
5.414547864588721282e+00
5.414591050894491886e+00
5.416223422520634045e+00
5.418718531715787989e+00
5.418123903767348537e+00
5.419347258831521685e+00
5.419352605439705428e+00
5.421121528185565808e+00
5.422919744144994780e+00
5.423079124444422305e+00
5.425059555514161858e+00
5.424872763773494810e+00
5.425984253644044131e+00
5.427084432656100077e+00
5.428282371227601821e+00
5.430482013240760963e+00
5.428183369959121762e+00
5.430700965982196315e+00
5.431560801501253977e+00
5.432809871484771236e+00
5.435389062514615510e+00
5.434827433071530933e+00
5.437208725913015961e+00
5.436560428049593163e+00
5.436913236337648669e+00
5.440379878809855185e+00
5.439188762894753282e+00
5.440517969618628769e+00
5.439785141650197886e+00
5.440604556247491175e+00
5.443192230162071432e+00
5.445400563426434637e+00
5.447142853351911285e+00
5.446260916195311275e+00
5.448520579869866154e+00
5.447943419667081955e+00
5.454796506263010158e+00
5.448557905705402327e+00
5.450263258065746186e+00
5.449980045055012212e+00
5.451080766313515014e+00
5.455250856512011026e+00
5.453356792837136702e+00
5.454018380066776750e+00
5.458578072626282918e+00
5.456713912075917605e+00
5.458097439188456690e+00
5.458965077202166505e+00
5.459827848342067469e+00
5.466752573068716536e+00
5.460820211500331922e+00
5.463861948277075165e+00
5.465527103402101794e+00
5.466033659192951255e+00
5.466823971394178194e+00
5.469049644372731223e+00
5.466894268726969486e+00
5.469420257192796342e+00
5.470306211347092606e+00
5.470481482163154219e+00
5.471025955049195311e+00
5.476244559857248895e+00
5.474415458141246305e+00
5.477953153475809245e+00
5.476578539528993872e+00
5.479795816395632180e+00
5.478098334057458274e+00
5.479949209133037513e+00
5.482120050010049539e+00
5.481727304809107970e+00
5.483240715777819574e+00
5.485659375350469880e+00
5.486023707068978794e+00
5.489454331472892079e+00
5.485616127377876516e+00
5.490464031127755717e+00
5.491131546707080702e+00
5.490257239424060742e+00
5.491792526433729726e+00
5.494056913886108617e+00
5.493967075356824381e+00
5.494237325335598499e+00
5.500046976564482826e+00
5.497518897411606709e+00
5.498783978627076685e+00
5.501742792868969723e+00
5.502384173937857170e+00
5.502947258629633964e+00
5.504294430549309780e+00
5.504394522123343236e+00
5.502989415670205275e+00
5.511553442463410946e+00
5.507114309401812235e+00
5.507802142763531528e+00
5.514361089373916336e+00
5.511156542531685965e+00
5.513453978890224150e+00
5.513846653791598662e+00
5.511791109183215021e+00
5.521001078304112575e+00
5.518986479485960217e+00
5.518803125257852216e+00
5.520351579996988001e+00
5.527714305679998219e+00
5.523925001365516785e+00
5.520393266051603298e+00
5.526413569330803632e+00
5.524817787071978792e+00
5.527935968062100081e+00
5.528262353834581866e+00
5.527765965922704083e+00
5.529048557670962261e+00
5.529700706140959099e+00
5.529319567819772629e+00
5.534873184988365225e+00
5.531189147536191619e+00
5.539437953801462200e+00
5.536183692002442314e+00
5.538425215523320233e+00
5.537860571210567073e+00
5.540352010120649595e+00
5.539802270783678040e+00
5.542340297982406128e+00
5.541306165438148135e+00
5.541763536893649089e+00
5.541301752626745625e+00
5.542405551176512901e+00
5.544072848858005997e+00
5.549232719982233775e+00
5.551121440447614575e+00
5.549437703877361017e+00
5.552411909923907984e+00
5.553202407434409515e+00
5.555343304820508088e+00
5.557337108426516181e+00
5.553972221251068930e+00
5.555799361344035070e+00
5.557175975589572658e+00
5.558509927092341485e+00
5.561465527597763803e+00
5.558189571498815873e+00
5.558074568566924611e+00
5.562145046232744861e+00
5.561821698260422941e+00
5.563694010912611176e+00
5.567938732493979970e+00
5.568591904070332887e+00
5.566335801103757142e+00
5.567572440610881301e+00
5.568315681883636792e+00
5.567005453976126006e+00
5.572003491571451583e+00
5.572264537997848599e+00
5.573186172876488875e+00
5.572982197836685359e+00
5.572359433469426193e+00
5.575813461925547720e+00
5.575624939458679208e+00
5.577019093009958794e+00
5.579492017734076548e+00
5.578907417584782813e+00
5.578237261505642586e+00
5.578442049981487294e+00
5.583853037982136058e+00
5.582356301283569522e+00
5.581611215286973682e+00
5.585012223525206210e+00
5.586316175166375686e+00
5.587988955075582354e+00
5.585140689169445061e+00
5.591608923118466912e+00
5.588230447370396980e+00
5.588805244255290461e+00
5.590938955461046689e+00
5.589698680913504525e+00
5.591628881649432614e+00
5.594934376379814722e+00
5.596166932891891932e+00
5.592414048213879774e+00
5.594992864498214757e+00
5.596761320048027066e+00
5.597397832720167443e+00
5.599083426275305975e+00
5.601742315465043198e+00
5.600094050981667237e+00
5.599997861518155595e+00
5.601716773996302301e+00
5.601754597192309504e+00
5.605069684457552270e+00
5.601410873937107127e+00
5.605393909838264577e+00
5.606028398033703120e+00
5.608524745459154914e+00
5.606652832205086590e+00
5.609711832637271023e+00
5.606814682175134124e+00
5.609003179511756976e+00
5.608662457473148066e+00
5.612849076379943902e+00
5.612848810119882792e+00
5.609950610552294492e+00
5.612687150299873196e+00
5.610252441550166225e+00
5.612777640160602211e+00
5.614466933516591318e+00
5.614995208395006543e+00
5.613323883212923526e+00
5.616030523196998914e+00
5.618670158859681685e+00
5.618345893432461047e+00
5.618150575516075662e+00
5.618616607532958440e+00
5.617608091115775082e+00
5.617939749655206150e+00
5.618207964586877878e+00
5.620289250514467483e+00
5.623199426228547182e+00
5.624074744988953434e+00
5.623818675495195762e+00
5.624255032161537216e+00
5.624509753012103985e+00
5.623634549485077905e+00
5.627299459046727570e+00
5.625395563948461408e+00
5.626569079076732649e+00
5.625987363085473092e+00
5.628298870700152001e+00
5.627718474308848862e+00
5.631977948119414101e+00
5.626329350608672897e+00
5.628943835583113398e+00
5.627868697104558393e+00
5.630669899186337979e+00
5.628646472310703253e+00
5.629417638387979039e+00
5.630982246766929045e+00
5.632856908165459586e+00
5.631545680610292592e+00
5.632301836464951528e+00
5.631356152604412912e+00
5.634154876907598641e+00
5.632842117668593218e+00
5.631933725477392905e+00
5.632627792492010954e+00
5.634453047711201812e+00
5.634984057743023911e+00
5.636474425778411401e+00
5.635770317815389951e+00
5.636300320835715638e+00
5.636539609579164001e+00
5.640529133813633855e+00
5.641128672045953252e+00
5.636907233589655064e+00
5.639708221676608346e+00
5.638728728434365678e+00
5.642191816135094129e+00
5.641309620029273830e+00
5.637828559336708345e+00
5.638156663317680284e+00
5.641840565080789460e+00
5.644628739868905676e+00
5.644420218978810411e+00
5.639176613154185169e+00
5.639636251397900146e+00
5.640571750585881006e+00
5.642268235257873243e+00
5.642284420641855647e+00
5.641726067411001466e+00
5.640954936975340672e+00
5.643123381018002149e+00
