4.844814094173094388e-01
4.865389990069877157e-01
4.810536331403049704e-01
4.833438513566093997e-01
4.853070152725624808e-01
4.888410427673967606e-01
4.889098179358888352e-01
4.913687255763651285e-01
4.911308480321618930e-01
4.890509264612912799e-01
4.941890655416575906e-01
4.909408449509055639e-01
4.953156524230114544e-01
4.959259074311132554e-01
4.966743286858836259e-01
4.980322719291270239e-01
4.969036212964448862e-01
4.995568493629715112e-01
5.010650117528910874e-01
5.021240416730154976e-01
5.039663692877885959e-01
5.033755936978799861e-01
5.039994859039147457e-01
5.055765433739719539e-01
5.095175212777232066e-01
5.091402932902641121e-01
5.101833805563680269e-01
5.115514858646453833e-01
5.152338304173368355e-01
5.149633114870117989e-01
5.146364889286753064e-01
5.169785236789758986e-01
5.220231526528740229e-01
5.213034180644374738e-01
5.244256546196015556e-01
5.266307300624790688e-01
5.268569801269109565e-01
5.269211034640681746e-01
5.283100968169653910e-01
5.339063387153044626e-01
5.326659846729119296e-01
5.359897530304618130e-01
5.393268898414310675e-01
5.428608873525986311e-01
5.442714035214298862e-01
5.442583542439021205e-01
5.441049857902107156e-01
5.501244616914153784e-01
5.535378894159467267e-01
5.536548479115810384e-01
5.572719460069415209e-01
5.585191334672874319e-01
5.580034742422275151e-01
5.614201915611080063e-01
5.621759097354860346e-01
5.669708060407118166e-01
5.690716462229274963e-01
5.697743266367768511e-01
5.717207226234309880e-01
5.762760769503957325e-01
5.781731234674335473e-01
5.774328037668842173e-01
5.797982750461988521e-01
5.800623293030849892e-01
5.811037630145752253e-01
5.851480912740861795e-01
5.855751477711171882e-01
5.873271745126225074e-01
5.878254137974268101e-01
5.877333392231186560e-01
5.865349348856361278e-01
5.872675161194578219e-01
5.928104787638786011e-01
5.905692210777507833e-01
5.924978141709875690e-01
5.936468178303228038e-01
5.953778869852437428e-01
5.910557322890264143e-01
5.926699945362411404e-01
5.914703989342716683e-01
5.937319183324736294e-01
5.958568137266335718e-01
5.916487208343416127e-01
5.938071544764336185e-01
5.995316324285429044e-01
5.960249948174995982e-01
5.960597634323616667e-01
5.990522256050333505e-01
5.952018350868606422e-01
5.957585588715973435e-01
5.997621066429468240e-01
5.957571578569254012e-01
6.000072926158473985e-01
5.959982684948056386e-01
5.988119943497374198e-01
5.956984582496683833e-01
5.985238684234049922e-01
5.984372669800184230e-01
5.971534009003995891e-01
5.976806773806579987e-01
5.989904303244343309e-01
5.976528719554866642e-01
5.975309890367785925e-01
5.981117656792875881e-01
5.958105434099023601e-01
5.957059022861648234e-01
5.949175190269728741e-01
5.946664557768606141e-01
5.957463180762416766e-01
5.950731785033332999e-01
5.976093733798008012e-01
5.944672806537356635e-01
5.955895622520246402e-01
5.968604535100936470e-01
5.951233753344873367e-01
5.948554230226050787e-01
5.916811689215399905e-01
5.914121521328622455e-01
5.947200477690597342e-01
5.899743900780437533e-01
5.949514027841431574e-01
5.907946622336756048e-01
5.913762900063669337e-01
5.901752673828288831e-01
5.911472180796740750e-01
5.882035747609509757e-01
5.895313941160690296e-01
5.900103064910255934e-01
5.870956847816094504e-01
5.863155512035089778e-01
5.868285287962605734e-01
5.880361442349640866e-01
5.871384952559809411e-01
5.865657135031725478e-01
5.852564726507465398e-01
5.875078969097301540e-01
5.855782722482639757e-01
5.833597010365302316e-01
5.844228146274451641e-01
5.864668174583742566e-01
5.836825138037571303e-01
5.814879822699744460e-01
5.783391380420546124e-01
5.816981816513738801e-01
5.795533120590183884e-01
5.776730062283332856e-01
5.825538942871381076e-01
5.810605026060302603e-01
5.813069631034784024e-01
5.796736256216176164e-01
5.792956534624446041e-01
5.765872265646256878e-01
5.803511904512010933e-01
5.796230638783244071e-01
5.799903562564957538e-01
5.788997597666989403e-01
5.794305116901008468e-01
5.754552494891777004e-01
5.793545659540585424e-01
5.776448825899802575e-01
5.763085512585561787e-01
5.746262720825662251e-01
5.766206211981621532e-01
5.749881385979354054e-01
5.764765934135948067e-01
5.762515301260031642e-01
5.764457195526366817e-01
5.751414721362635429e-01
5.741051407068212820e-01
5.756522902784028117e-01
5.731783964686152366e-01
5.722961283130179044e-01
5.757261657360733809e-01
5.717568168133517759e-01
5.722269846241305746e-01
5.701705079434411516e-01
5.700987651354586516e-01
5.710737942996528815e-01
5.699454272170741964e-01
5.704317306089189410e-01
5.702466145768477768e-01
5.673361943839041466e-01
5.677410581770363507e-01
5.699330795229282653e-01
5.664744946467928921e-01
5.688811489023753998e-01
5.650853960636181839e-01
5.685842865316518280e-01
5.695041167200629584e-01
5.669710472272331270e-01
5.659481105693706660e-01
5.674933596300747451e-01
5.647708108537229377e-01
5.660422515815761724e-01
5.640682432713672867e-01
5.636813550874583134e-01
5.614213719669012281e-01
5.618403656078843067e-01
5.632509499788272977e-01
5.614849995414126216e-01
5.618623976196164271e-01
5.623484414105617279e-01
5.629702938828216041e-01
5.599366507150288497e-01
5.639399956265800373e-01
5.607570770073257993e-01
5.625604039166774983e-01
5.642606604900965994e-01
5.579751792603151461e-01
5.628664615396130610e-01
5.645556020724253887e-01
5.607046818623799833e-01
5.586987306967917677e-01
5.601551651809207888e-01
5.608280082296165370e-01
5.589234949194783475e-01
5.587976734663793188e-01
5.608737826989402819e-01
5.579085898189344306e-01
5.607096138675894403e-01
5.569118206494078072e-01
5.592109811436964950e-01
5.561720670010675827e-01
5.584947535445443645e-01
5.570850504890495491e-01
5.558100838510975361e-01
5.553396353045846334e-01
5.571237679604067461e-01
5.548332691068524891e-01
5.551194012971200076e-01
5.585452179868350964e-01
5.559045001546832898e-01
5.561547203907807324e-01
5.532860286084506640e-01
5.533255110626302820e-01
5.526565274883388224e-01
5.542534014953610644e-01
5.565118567520241921e-01
5.537966502517088774e-01
5.533250496758366221e-01
5.557462594175764936e-01
5.512379057310667907e-01
5.539099529880778805e-01
5.525050354564806643e-01
5.510031035690617918e-01
5.498091553688890798e-01
5.497481685939941132e-01
5.517138013988671652e-01
5.512363440527474623e-01
5.519147592191420149e-01
5.529302856817970291e-01
5.489469510153101028e-01
5.506445930290364554e-01
5.485402623973251179e-01
5.490344517977836514e-01
5.498677154471609541e-01
5.477705533042942498e-01
5.507896244731226298e-01
5.487852376920179243e-01
5.483200786233759505e-01
5.525562897472685586e-01
5.486157792308828940e-01
5.496809698437594705e-01
5.503223374826911041e-01
5.454943266051375250e-01
5.455706259777740597e-01
5.460576280190349019e-01
5.438124816239284787e-01
5.460439089798739820e-01
5.446587857288859302e-01
5.485975510196466898e-01
5.450757005981730074e-01
5.443815258272953761e-01
5.455368816296406465e-01
5.486146922860731800e-01
5.450095051499840304e-01
5.455896725098188238e-01
5.436089386780708077e-01
5.454079869349757193e-01
5.448276066875270551e-01
5.450666287210481631e-01
5.443571065640366857e-01
5.411948137319809726e-01
5.431571298848293372e-01
5.411558990032692140e-01
5.398013400973710185e-01
5.412708135070103399e-01
5.393737133890144086e-01
5.397142628828086597e-01
5.400974366331821042e-01
5.424002521615564065e-01
5.410761298441567613e-01
5.381762915620404986e-01
5.396359190220966218e-01
5.389362580553388460e-01
5.374247366233846357e-01
5.362915470421631969e-01
5.373735520135735078e-01
5.389269713080206969e-01
5.381174959911264599e-01
5.360563089814972537e-01
5.370081844061220799e-01
5.355933602678254468e-01
5.362740873082550985e-01
5.330922379998779270e-01
5.369917883017507609e-01
5.334860256887874463e-01
5.361300275776750279e-01
5.334116855872591545e-01
5.337401422766092640e-01
5.323997174612600247e-01
5.351947480148088188e-01
5.338933406640633539e-01
5.291803450327782210e-01
5.339036310368266980e-01
5.305772313419786501e-01
5.304172732891535569e-01
5.297294413505181376e-01
5.327823925422537910e-01
5.300436705278799288e-01
5.290694870337298017e-01
5.307394186632892197e-01
5.283127775725083852e-01
5.305030577450479123e-01
5.306005319472956172e-01
5.273922077427648514e-01
5.266482767108586760e-01
5.288015715188785215e-01
5.283427576960081362e-01
5.294101317620100167e-01
5.249023583748547717e-01
5.252703885895435576e-01
5.252610668722988985e-01
5.288070645470701603e-01
5.210821100675721018e-01
5.202691267503376515e-01
5.262716238307143524e-01
5.218799941254286257e-01
5.255075313070075582e-01
5.256013991837720223e-01
5.236436443849220579e-01
5.250070412799543451e-01
5.246262917219629562e-01
5.239231532825863180e-01
5.244030320571327897e-01
5.224440343313145885e-01
5.223086139284621732e-01
5.166625054051965371e-01
5.214335622256782710e-01
5.193542861072593109e-01
5.199479587442168427e-01
5.194939631562941473e-01
5.186478157370991715e-01
5.192454365154004492e-01
5.213677845593693849e-01
5.177360008994403850e-01
5.176932977200741082e-01
5.194255901848742196e-01
5.185138206732305965e-01
5.192128096097637924e-01
5.157731144478210350e-01
5.185262553305772792e-01
5.171937223422260477e-01
5.181243998061277889e-01
5.146729937860847759e-01
5.133704738402355972e-01
5.157134555606754933e-01
5.146207879247169936e-01
5.155738301290870851e-01
5.137164483062497400e-01
5.165503475999709826e-01
5.160246771159239243e-01
5.167677595195221407e-01
5.128723945220077240e-01
5.147512377438827613e-01
5.108166332801042930e-01
5.129455097337201064e-01
5.123731198018817157e-01
5.142128389679145872e-01
5.121637847142825883e-01
5.125082796774604876e-01
5.130903743005966744e-01
5.084801906857168152e-01
5.113340252331648461e-01
5.100537837455652035e-01
5.101476660196053725e-01
5.110782679406240536e-01
5.065948802359432346e-01
5.097483199757320005e-01
5.091596910166072965e-01
5.091771094270263198e-01
5.076157285950794185e-01
5.083331853326721328e-01
5.096829389693864343e-01
5.042147002283737800e-01
5.093055769015311096e-01
5.074241962548681206e-01
5.057524495709051493e-01
5.057346260120973991e-01
5.043760899916829299e-01
5.073013287161536322e-01
5.042941470903596901e-01
5.068837333478248830e-01
5.071320041406479628e-01
5.044521930660347264e-01
5.049237371633026328e-01
5.049774934725324016e-01
5.031447470465719718e-01
5.028486106253532428e-01
5.055164481412298683e-01
5.048726487847656763e-01
5.009375190564553382e-01
5.016319784118958847e-01
5.012193246655248791e-01
4.998670881175314440e-01
5.024700195169691241e-01
5.001446586155738894e-01
5.001049494013474206e-01
4.995942558232181474e-01
5.019489127954454011e-01
5.023225510249396120e-01
4.977555122331763782e-01
5.001384456375503884e-01
4.983744627827585427e-01
4.989033212002139672e-01
4.980036518405744905e-01
5.029752231113309158e-01
4.985468558624850388e-01
5.007748495589925408e-01
4.969457064634456023e-01
4.977801151145445080e-01
4.984233885658458374e-01
4.973212181198891635e-01
4.992962993536426142e-01
4.991004682288717187e-01
4.987387040434324570e-01
4.970186093515326364e-01
4.978588690859003796e-01
4.987459071647084019e-01
4.944010252768207825e-01
4.969255049210111741e-01
4.976844033371236042e-01
4.958007683068489935e-01
4.962077569235756047e-01
4.975019905892368866e-01
4.965114509513116059e-01
4.943927383083431826e-01
4.944818673843246470e-01
4.936074295113949684e-01
4.956486591878867531e-01
4.925810091604352903e-01
4.956564054262129204e-01
4.967326382424404052e-01
4.953335362460712377e-01
4.956316407475409025e-01
4.950449951904742352e-01
4.941528414392867274e-01
4.939242166718870730e-01
4.924946871450471830e-01
4.896259095700668529e-01
4.939754847281543348e-01
4.947814315115065531e-01
4.959907813285078793e-01
4.910831569885948378e-01
4.932400308277855028e-01
4.934693550909172721e-01
4.913170764648610023e-01
4.935903285922272343e-01
4.939076826051366775e-01
4.924838807222856607e-01
4.934595640594429122e-01
4.907938340744325001e-01
4.915272251475532039e-01
4.923642842023049360e-01
4.916029549949662569e-01
4.938022250453675821e-01
4.927962047001967494e-01
4.926824361718147860e-01
4.908221522605886733e-01
4.933104986554788240e-01
4.915128860260371546e-01
4.900958214043119598e-01
4.887507449130611414e-01
4.919259328247854168e-01
4.905834861881414044e-01
4.896129930856186196e-01
4.893725773427212156e-01
4.867939791266477911e-01
4.891544192238127531e-01
4.909768920355173094e-01
4.889455858308096592e-01
4.886122862015952473e-01
4.888768516839187006e-01
4.920702025373232535e-01
4.891179702067680601e-01
4.897799501958886026e-01
4.878814860169821688e-01
4.882147301320195476e-01
4.904547853425388348e-01
4.888487871466098977e-01
4.896707849379203781e-01
